0.712101953856
1.40568779328
2.11681794096
0.694382370576
1.44422198304
0.9115587264
0.816944177792
1.72321908496
0.661063746928
1.7589714952
1.50439044989
0.953505084784
1.20021029312
0.970580525664
5
1.44499684848
0.764969704816
1.26641282432
1.1936870344
1.07872667042
1.66713849376
1.10940007744
1.2713420304
0.792825108464
1.09620735536
0.916521718128
5
0.967034874864
1.61409490736
1.42427266832
0.831185357264
1.28078932576
1.4077999736
1.43199837344
1.05471117765
0.868573924432
1.26639284736
1.08576616954
1.55206567856
1.10770973434
1.07574181288
1.12042432902
1.18188707504
1.11398501309
1.67495848944
1.346476816
1.37290546736
0.974899823312
0.982838031024
1.46937977664
1.1871612897
5
1.54136843136
0.77430169504
1.02137437131
1.47062551048
0.82782353896
1.71560203904
1.1121005875
1.15708882269
1.64307929984
0.944908984208
1.01909147136
0.991872081312
1.30668746848
1.40199416768
0.744524439232
1.43509603472
0.943489566352
1.07777152797
0.937172945184
1.20964464053
1.48987434848
0.832662793184
1.34862547504
1.35233328064
1.22817279936
1.07641885435
0.916544658896
1.13363004128
0.925367431344
1.51278465696
1.26259422464
0.924271125536
1.20774028864
1.10135385974
0.814228527104
1.12111965427
1.19495493114
1.1579275815
1.20757998704
0.786469894016
1.36707222112
0.809403394656
1.8122106936
1.12963693917
1.37837059488
0.954498799744
1.32291878176
0.93136833632
