0.553090415104
1.27351593424
5
0.762528761496
1.33631159304
1.0323725627
0.68971343626
1.24638215456
0.646907038104
1.51387660221
1.64035322584
1.04926498016
1.01807224787
0.937669969864
0.874654545352
1.01678040758
0.719044081312
1.28394728248
1.26399186352
1.0972698772
1.56225959344
1.09743948308
1.12049755648
0.731210229264
0.732882450176
0.819483976024
1.68989701368
1.08621965256
1.43001595864
1.23303145368
0.766389560248
1.0741361784
1.64188514584
1.42706480272
1.01616169878
0.891400118136
1.27752496936
0.995058621656
1.0922487472
1.02984983725
0.83321298976
0.907780221864
1.10641112382
5
1.5181940996
1.04106511117
1.09552354552
0.973298578816
0.946653110224
1.44471435624
1.23851017136
0.796994883248
1.24366601704
0.776984081032
0.927364425856
1.48119527128
0.7167253674
1.3209284572
1.00443287411
1.22697550248
1.92391434048
0.910216128856
0.874301098016
0.935030188744
1.17026021712
1.17785347128
0.6829957804
1.06232389752
0.99016646536
0.781131517384
0.811931326944
1.46832692384
1.51651162544
0.656049547144
1.285781386
1.11503630464
0.966271548032
1.12581888784
0.859756566296
1.06198539264
1.0160110043
1.27359794424
1.10342331864
0.898232698816
1.12392170296
0.914435106248
0.804408163232
1.09760572392
1.22290759048
1.24218663992
1.07874478381
0.62473769204
1.4537087464
0.762165631024
2.34281000136
0.892174684512
1.25698907056
0.881526119912
1.4827350724
0.784070545488
