   6.0845445e-01
   6.1552170e-01
   6.8957525e-01
   5.3529804e-01
   6.2753283e-01
   1.1908396e+00
   7.5449967e-01
   7.1521882e-01
   1.3081918e+00
   5.0767794e-01
   8.3959725e-01
   6.7340080e-01
   6.2248461e-01
   8.2759187e-01
   7.2901304e-01
   1.4598736e+00
   7.1197181e-01
   1.1898967e+00
   5.5262982e-01
   6.1448528e-01
   9.8419272e-01
   4.6259113e-01
   6.2522000e-01
   1.0430673e+00
   6.0326593e-01
   1.0127190e+00
   5.6740903e-01
   7.6611245e-01
   8.3674712e-01
   7.1339143e-01
   6.2766883e-01
   6.9983812e-01
   8.2328159e-01
   7.8321341e-01
   8.2354206e-01
   5.7661642e-01
   7.2812786e-01
   5.6510172e-01
   7.7078022e-01
   1.0040241e+00
   4.6968845e-01
   1.1682204e+00
   1.3509245e+00
   4.9743977e-01
   5.6078602e-01
   8.3673920e-01
   5.8575838e-01
   1.0507874e+00
   5.9354131e-01
   6.7534014e-01
   1.2073052e+00
   5.3885437e-01
   5.9322480e-01
   9.0306920e-01
   8.6793941e-01
   6.4564023e-01
   6.0282265e-01
   5.3607657e-01
   6.5486901e-01
   1.0989655e+00
   1.2772224e+00
   5.4955495e-01
   4.9858698e-01
   7.5613670e-01
   1.1399807e+00
   6.6666547e-01
   9.9040038e-01
   5.8400384e-01
   7.2755807e-01
   6.6524306e-01
   4.8502534e-01
   1.6402758e+00
   5.9964678e-01
   1.0137815e+00
   1.2846511e+00
   1.1215021e+00
   9.6852539e-01
   1.1334443e+00
   8.4764571e-01
   1.0648719e+00
   9.9927219e-01
   1.2742705e+00
   1.0644226e+00
   8.8260837e-01
   1.1255456e+00
   9.0517172e-01
   8.2252857e-01
   1.0982347e+00
   1.2157823e+00
   1.2370924e+00
   1.0398090e+00
   6.0963929e-01
   1.4584385e+00
   7.5645006e-01
   2.3402384e+00
   8.9735229e-01
   1.2632782e+00
   8.8128434e-01
   1.4506166e+00
   7.9046163e-01